8
26
24
28
14
26
20
3
2
28
1
19
6
9
6
1
7
18
1
6
30
5
1
26
8
13
10
4
3
17
14
10
4
7
29
17
24
10
11
18
8
12
6
5
12
4
5
11
21
5
16
13
10
8
30
17
13
1
12
15
9
26
24
12
24
14
21
18
15
1
27
22
4
24
27
8
27
23
10
10
28
25
22
7
24
13
15
6
6
26
20
14
13
5
26
7
10
8
16
25
8
12
16
4
5
4
3
2
27
12
3
16
28
16
14
13
28
28
19
3
15
30
9
20
5
4
26
14
11
11
8
10
14
16
5
18
11
7
11
29
10
13
14
29
20
19
12
10
16
30
12
23
29
12
12
25
7
29
1
17
1
30
19
14
15
15
23
18
14
4
8
23
8
14
22
28
2
3
7
18
24
10
2
14
22
5
9
28
3
1
7
3
30
17
16
7
23
8
24
6
3
1
21
3
14
12
22
16
6
20
25
21
29
18
4
12
22
4
2
24
4
30
18
26
8
3
2
30
2
25
6
27
17
18
29
23
21
20
30
26
9
24
8
29
3
3
3
24
7
4
