2001
2006
2008
2011
2002
2014
1980
2013
1990
1999
2010
1973
2009
2005
2014
2014
2002
1989
2011
1959
2009
2001
2014
2015
2015
2011
2004
1992
1995
1998
2006
2003
2013
1985
1969
2014
2015
1990
2015
1976
1989
1994
1999
1981
2005
1989
1989
1975
2008
2015
1997
2011
2002
1998
2013
1996
2004
1997
2009
2015
2012
2004
2011
2004
2013
2015
1989
2001
1996
2005
2003
2004
2006
2011
1984
2005
1989
2015
1999
2004
2005
1993
1986
2006
2013
2003
2002
1999
2005
2010
2000
1987
1988
1999
1997
2015
1997
2010
2003
2011
2011
2008
2003
2010
2010
1990
1987
2008
1980
2008
2007
2004
2007
2004
2005
1995
1995
1986
2009
2006
2010
1960
2011
2004
1955
2001
2010
2010
1993
2001
1967
1995
1998
2000
2014
2011
2003
1996
2016
2012
2012
2011
2003
1997
2010
1989
2000
2013
2006
1977
1997
1999
1990
2013
2010
2014
2002
2008
2004
2005
2009
2014
2003
2009
1982
2003
2014
1992
2014
2011
2010
2004
2012
1976
1990
2007
2002
1995
1973
2010
2012
2013
2016
2013
1977
2014
1978
1963
2007
2013
2005
2014
2013
1992
2001
1988
1994
2006
2014
2010
2005
2010
1999
1951
2008
2009
2005
2001
2014
2007
1972
2004
2004
2008
2005
2006
2001
1961
2011
1987
2001
2007
2003
1998
1997
1966
2014
1993
1985
2007
1971
2013
2007
2009
1988
2001
2011
2002
2016
1994
2016
2010
2013
2006
2002
2003
2010
2011
2013
2014
